52.27
533.48
64
28
a; 30; 38.21; 400.94; 952.98
b; 16; 43.35; 248.69; 967.52
c; 18; 36.12; 35.63; 1059.04
d; 12; 12.23; 63.39; 637.89
e; 12; 16.16; 259.73; 894.85
f; 24; 10.74; 34.74; 910.67
g; 31; 15.19; 390.73; 622.82
h; 10; 8.6; 294.95; 939.82
i; 27; 43.02; 135.54; 920.91
j; 29; 7.3; 75.79; 1034.37
k; 1; 18.86; 519.31; 1003.14
l; 9; 16.97; 504.74; 975.99
m; 22; 10.93; 441.48; 860.62
n; 30; 8.98; 140.83; 1029.31
o; 20; 29.62; 556.58; 876.27
p; 31; 16.91; 166.96; 878.69
q; 4; 15.53; 50.72; 916.91
r; 11; 11.78; 230.3; 907.49
s; 25; 31.62; 507.67; 926.29
t; 19; 48.26; 393.75; 756.25
u; 11; 40.38; 502.9; 1021.38
v; 5; 15.06; 190.74; 855.8
w; 6; 25.51; 55.83; 859.78
x; 27; 15.15; 24.2; 965.7
y; 5; 13.52; 528.15; 567.54
az; 7; 7.49; 34.76; 694.79
aa; 28; 9.86; 402.25; 994.33
ab; 10; 11.99; 151.95; 684.2
ac; 5; 10.45; 552.78; 850.23
ad; 2; 17.57; 23.12; 726.2
ae; 21; 14.21; 478.38; 910.8
af; 14; 32.84; 143.07; 956.6
ag; 7; 33.51; 407.59; 1006.93
ah; 30; 24.4; 320.02; 779.3
ai; 0; 16.77; 96.35; 971.22
aj; 13; 8.75; 65.18; 1027.81
ak; 29; 10.52; 346.18; 821.38
al; 12; 12.57; 429.25; 523.98
am; 20; 12.52; 24.13; 879.08
an; 0; 10.45; 360.55; 979.28
ao; 23; 29.31; 507.56; 864.49
ap; 25; 9.04; 87.44; 879.88
aq; 20; 13.22; 536.98; 898.43
ar; 21; 30.89; 374.04; 1017.13
as; 2; 10.14; 452.54; 858.96
at; 19; 10.58; 31.0; 1030.56
au; 0; 17.22; 540.99; 1007.65
av; 30; 32.4; 388.59; 1021.24
aw; 8; 20.7; 43.23; 854.86
ax; 6; 27.91; 257.21; 851.43
ay; 1; 7.6; 53.59; 510.06
bz; 29; 7.92; 352.6; 913.9
ba; 23; 11.12; 497.37; 911.41
bb; 28; 24.6; 45.52; 1046.61
bc; 30; 19.25; 325.73; 919.54
bd; 9; 12.48; 541.8; 803.95
be; 8; 8.69; 549.22; 819.49
bf; 27; 11.7; 96.67; 868.94
bg; 19; 28.32; 501.04; 989.11
bh; 27; 29.73; 348.23; 1053.84
bi; 9; 18.79; 310.29; 1060.81
bj; 19; 11.24; 556.46; 943.19
bk; 28; 15.15; 292.01; 1058.39
bl; 29; 9.49; 384.51; 948.21
1, 3, 5, 6, 10, 13, 17, 18, 23, 24, 25, 26, 27, 28
4, 5, 10, 11, 13, 14, 21, 22, 28, 29
2, 5, 6, 7, 13, 14, 27, 28, 29
0, 6, 8, 9, 10, 11, 15, 18, 19, 20, 23, 25, 26, 29
2, 3, 4, 5, 6, 8, 9, 10, 14, 18, 19, 23, 24, 25, 26, 27, 31
0, 2, 3, 4, 5, 7, 20, 21, 24
2, 4, 9, 11, 12, 15, 17, 20, 21, 22, 23, 25, 28, 31
0, 1, 4, 5, 8, 13, 16, 19, 23, 24, 25
1, 2, 4, 7, 8, 11, 17, 19, 20, 22, 25, 29, 31
5, 7, 8, 10, 11, 12, 13, 18, 20, 22, 31
3, 5, 16, 17, 22, 23, 24, 28
2, 3, 10, 12, 15, 17, 22, 23, 24, 29, 30
26, 19, 28, 7
28, 26, 4, 23
0, 2, 5, 11, 12, 15, 16, 27, 30
10, 11, 14, 15, 16, 18, 26, 27
10, 13, 15, 17, 20, 21, 22, 26, 27, 28
0, 3, 13, 18, 21, 28, 29, 30
0, 7, 8, 9, 10, 15, 18, 27, 29, 31
2, 5, 13, 18, 20, 21, 31
1, 3, 4, 6, 7, 10, 12, 14, 15, 20, 21, 22, 24, 30, 31
2, 6, 7, 9, 10, 12, 15, 22, 23, 30
2, 3, 9, 12, 18, 20, 22, 24, 26, 27, 30, 31
0, 2, 4, 8, 9, 12, 17, 23, 24
4, 11, 14, 23, 28, 30
16, 8, 31, 5, 23
0, 2, 5, 6, 22, 24, 25, 26, 28, 29, 31
2, 9, 10, 12, 15, 16, 31
