532.87
896.01
23
53
a; 3; 82.89; 605.97; 1385.73
b; 4; 347.21; 547.97; 1720.45
c; 1; 163.14; 721.64; 1593.67
d; 9; 60.32; 564.93; 1703.78
e; 8; 29.37; 31.66; 1245.5
f; 1; 62.64; 915.29; 1732.71
g; 7; 38.02; 63.5; 1527.6
h; 10; 90.1; 919.08; 1000.98
i; 2; 140.81; 191.61; 1628.04
j; 8; 66.27; 520.74; 1685.68
k; 8; 244.0; 438.22; 1771.19
l; 4; 46.0; 925.59; 1308.97
m; 3; 155.48; 658.37; 1483.25
n; 5; 74.53; 175.16; 1285.28
o; 6; 158.11; 104.34; 936.13
p; 2; 92.44; 427.89; 1586.99
q; 3; 93.99; 842.81; 1170.89
r; 4; 221.87; 30.64; 1357.42
s; 3; 95.29; 862.99; 1492.79
t; 5; 369.09; 865.72; 1360.23
u; 2; 188.66; 56.53; 1722.88
v; 0; 63.98; 702.22; 941.21
w; 10; 57.06; 674.69; 1786.68
0, 9
0, 8, 2, 3, 6
0, 10, 4, 5
9, 1, 7
9, 10, 3
8, 9, 4, 6, 7
0, 1, 2, 3, 10
0, 6
8, 0, 9, 7
2, 6
8, 5, 7
2, 5
8, 2, 3, 5
0, 9, 3, 5, 7
8, 9, 2, 3
8, 10, 6, 7
1, 2
2, 10
8, 1, 5, 6, 7
0, 2, 6
2, 5, 6
0, 2, 4, 7
0, 10
6, 7
8, 2, 7
9, 2, 3, 4, 6
0, 8, 10, 3
8, 1, 10
8, 1, 9, 7
9
0, 1, 2, 7, 8, 9
8, 2, 4, 5
2, 3
0, 2, 4, 6
1, 10
2, 4, 10
4, 5, 7
8, 0, 10, 3, 5
0, 1, 10, 5
9, 2, 6
8, 1, 5
0, 9, 3
8, 7
8, 9, 3, 1, 7
8, 9, 3
0, 9, 2, 7
0, 1, 2, 3
8, 9, 2, 5, 6
9, 10, 4, 6
9, 2, 6, 7
0, 3, 4, 6, 7
9, 10, 6, 7
8, 9, 4, 6
