61.1
235.55
21
80
a; 2; 12.66; 31.06; 289.59
b; 4; 17.53; 249.87; 464.33
c; 9; 13.63; 144.97; 286.26
d; 9; 21.44; 249.41; 469.61
e; 3; 44.58; 65.69; 352.12
f; 8; 11.85; 176.25; 427.95
g; 8; 17.09; 232.54; 380.5
h; 8; 10.54; 142.74; 443.03
i; 1; 13.83; 238.97; 409.35
j; 8; 20.5; 84.02; 343.8
k; 2; 30.48; 179.7; 441.78
l; 2; 42.06; 131.88; 363.12
m; 0; 22.73; 74.06; 459.9
n; 6; 12.58; 77.48; 447.57
o; 6; 20.64; 17.41; 419.76
p; 7; 43.46; 250.89; 462.21
q; 3; 30.66; 51.97; 390.7
r; 4; 23.39; 246.62; 370.2
s; 8; 55.68; 18.36; 460.62
t; 0; 10.01; 245.79; 434.48
u; 6; 23.84; 193.35; 354.78
8, 3
0, 9, 2, 3, 5
8, 0, 5, 7
8, 2, 5, 7
8, 2, 5, 6
8, 9, 2, 6, 0
0, 4
3, 5
1, 3, 6
8, 0, 6, 7
1, 4, 6, 9
0, 8, 5, 6
3, 6, 7
8, 6, 7
8, 0, 4, 1
4, 6, 7
8, 0, 7
1, 2
1, 2, 4, 5, 7
8, 0, 4
1, 7
8, 9, 3, 5, 7
0, 2, 6
9, 2, 6, 1
1, 9
0, 9, 3, 5
8, 2, 5
0, 9, 1
0, 9, 2, 5, 1
8, 2, 6
8, 0
0, 9, 3, 7, 1
8, 0, 3, 4
5
8, 5
9, 2, 7
1, 4, 5, 9
1, 4
0, 9, 4, 8
8, 2, 4, 5
8, 9, 4
1, 5, 6
0, 1, 2
8, 9, 6, 7
9, 4, 5
0, 3, 4, 5
8, 2, 4, 5, 7
8, 1, 3, 5, 6
3, 7
1, 2, 3
8, 1, 4, 5, 6
9, 2, 6
4, 7
1, 2, 4, 5
8, 1, 3, 6
2, 4, 7
2, 3, 7
8, 1, 5, 6
4, 5, 7
9, 6, 7
0, 1, 8, 7
0, 9, 2, 3, 6
1, 2, 3, 5, 6, 7, 9
3, 5, 6, 7
8, 0, 2, 6
0, 1, 2, 4
8, 5, 7
9, 4
0, 9, 3, 4, 1
8, 9, 3, 7
1, 4, 5, 7, 8, 9
1, 3, 4
0, 8, 2
9, 2, 6, 7
0, 8, 3, 4, 5
9, 3, 7
9, 3, 6
0, 9, 6
8, 9, 4, 5
0, 9, 2, 4, 7
