355.49
510.22
52
88
a; 13; 24.7; 486.89; 993.57
b; 6; 190.85; 496.42; 734.33
c; 7; 92.9; 123.05; 863.17
d; 14; 28.27; 345.91; 927.11
e; 9; 96.09; 22.8; 773.22
f; 20; 30.15; 417.97; 760.81
g; 21; 145.16; 342.05; 911.94
h; 19; 128.89; 528.25; 865.83
i; 22; 89.13; 74.11; 905.47
j; 14; 32.58; 465.57; 990.76
k; 0; 35.61; 530.18; 851.73
l; 13; 20.18; 53.97; 235.35
m; 16; 27.26; 93.39; 588.93
n; 5; 142.28; 531.94; 745.26
o; 4; 92.05; 487.04; 904.33
p; 4; 170.27; 29.07; 922.32
q; 9; 23.93; 499.08; 1011.9
r; 8; 53.98; 101.05; 816.43
s; 3; 122.87; 522.85; 974.34
t; 5; 65.83; 309.9; 789.19
u; 1; 177.19; 522.01; 1011.02
v; 17; 61.82; 477.94; 968.48
w; 22; 257.04; 89.47; 839.12
x; 2; 72.13; 26.51; 797.18
y; 16; 97.39; 532.71; 471.55
az; 25; 112.41; 316.28; 926.32
aa; 15; 46.3; 61.15; 598.64
ab; 6; 102.04; 57.71; 802.95
ac; 13; 168.87; 49.76; 925.53
ad; 1; 28.49; 522.82; 938.15
ae; 16; 219.27; 487.6; 970.51
af; 3; 98.76; 367.63; 977.25
ag; 9; 19.29; 517.11; 880.58
ah; 11; 216.05; 266.79; 996.33
ai; 9; 68.75; 366.79; 540.23
aj; 15; 32.33; 498.42; 809.31
ak; 9; 198.8; 425.72; 960.55
al; 24; 44.9; 525.0; 919.7
am; 15; 161.75; 22.97; 925.03
an; 6; 123.88; 517.87; 816.09
ao; 24; 35.27; 167.99; 1006.68
ap; 9; 50.91; 111.03; 915.45
aq; 12; 36.09; 492.22; 813.82
ar; 21; 134.18; 515.54; 806.48
as; 0; 64.8; 158.57; 1013.58
at; 12; 81.49; 157.7; 695.1
au; 14; 85.44; 35.95; 950.96
av; 18; 110.85; 45.56; 840.7
aw; 15; 62.95; 518.53; 921.27
ax; 24; 88.81; 23.13; 977.53
ay; 17; 210.65; 450.62; 911.98
bz; 14; 108.28; 125.61; 541.23
1, 2, 4, 5, 7, 8, 9, 10, 15, 17, 20, 21, 22, 23, 25
2, 3, 6, 8, 10, 12, 16, 20, 22, 24
5, 6, 7, 9, 11, 12, 14, 20, 22, 25
16, 15, 7
1, 4, 9, 17, 19, 20, 21
11, 8, 19, 13, 21
2, 4, 5, 6, 12, 13, 15, 17, 18, 21, 22, 23
0, 5, 7, 10, 12, 15, 18, 22, 24
24, 17, 23
24, 18, 23
0, 5, 11, 15, 16, 18, 20, 21, 23, 24
0, 9, 5, 6, 15
12, 17, 19, 20, 21, 23, 24, 25
0, 4, 5, 6, 7, 16, 20, 21, 24
16, 25, 10, 19, 21
2, 4, 10, 15, 18, 22, 25
3, 4, 9, 11, 16, 23
2, 4, 6, 7, 11, 12, 13, 14, 19, 24, 25
9, 3, 20, 1
11, 25, 3, 4, 5
0, 4, 9, 13, 17, 19, 20, 25
1, 7, 10, 15, 20, 21, 23, 24
0, 2, 7, 8, 18, 20, 22
17, 4, 21, 22
0, 17, 20, 21, 8
2, 13, 14, 15, 18, 22, 23
10, 23
3, 4, 7, 15, 17, 19, 22
4, 8, 13, 16, 17, 19
0, 4, 12, 14, 15, 17, 21, 23, 24
4, 6, 10, 18, 22, 24
1, 4, 5, 6, 8, 11, 22
4, 22, 7
0, 1, 3, 4, 5, 6, 7, 15, 16, 20, 25
0, 4, 7, 10, 11, 20
0, 11, 15, 21, 23, 24, 25
2, 13, 18, 19, 20, 22, 25
2, 4, 8, 9, 10, 11, 12, 17, 18
0, 2, 6, 9, 10, 18
24, 18, 10, 5, 21
7, 3, 20, 13, 23
10, 14, 15, 16, 20, 23
0, 2, 15
1, 19, 20
0, 6, 7, 10, 13, 16, 18, 21, 23
0, 6, 8, 9, 13, 19, 21
1, 5, 14
18, 21, 6
16, 24, 15, 5, 1
4, 8, 9, 10, 16, 17
3, 7, 10, 11, 14, 15, 18, 19, 21
0, 1, 2, 11, 13, 14, 20, 21
6, 9, 15, 19, 20, 25
5, 9, 15, 16, 19, 24
0, 3, 4, 5, 6, 15
3, 4, 5, 6, 11, 12, 13, 15, 18, 19, 20, 23
0, 1, 3, 5, 7, 10, 12, 13, 18, 19
0, 6, 18, 19, 20, 21
6, 8, 10, 17, 20, 23
6, 7, 8, 12, 15, 17, 21, 25
3, 4, 8, 11, 23, 24
1, 3, 5, 7, 8, 10, 20, 23, 25
25, 23, 20, 1
6, 8, 10, 12, 13, 15, 16, 22
0, 3, 8, 9, 15, 21, 22, 23
2, 11, 14, 16, 23, 25
0, 11, 12, 15, 21, 23, 24
1, 2, 4, 7, 9, 13, 16, 18, 19, 21, 23, 24
1, 2, 6, 13, 14, 16, 18
16, 10, 18, 19, 2
6, 12, 17, 18, 20, 21, 23, 24
0, 4, 6, 7, 8, 12, 14, 17, 21, 23, 24
5, 7, 9, 10, 11, 15, 23
0, 3, 5, 8, 10, 20, 21, 23
1, 2
8, 9, 14
2, 8, 9, 11, 13, 18
6, 22
1, 3, 4, 8, 13, 14, 15, 21, 22, 24, 25
0, 13, 21, 15
0, 1, 8, 9, 12, 14, 20, 21, 23
0, 18, 20, 15
1, 3, 7, 8, 9, 10, 14, 25
1, 2, 21, 15
1, 2, 3, 4, 5, 6, 8, 12, 15, 16, 17, 18, 21
1, 5, 8, 9, 10, 15, 19, 21, 23, 24
3, 5, 21
0, 11, 3, 5, 14
