275.5
311.77
38
44
a; 16; 88.37; 325.2; 581.04
b; 9; 37.21; 30.58; 575.52
c; 4; 40.62; 89.32; 495.45
d; 3; 236.55; 75.17; 573.79
e; 9; 143.29; 84.42; 554.4
f; 4; 18.68; 150.21; 559.5
g; 18; 71.05; 305.3; 393.48
h; 4; 54.27; 19.24; 608.88
i; 16; 79.62; 175.84; 541.5
j; 12; 136.25; 244.63; 473.99
k; 18; 121.66; 200.36; 566.86
l; 10; 64.69; 267.18; 546.74
m; 12; 43.28; 235.96; 512.46
n; 2; 167.44; 158.89; 488.57
o; 5; 80.87; 112.39; 563.31
p; 14; 54.46; 79.61; 480.55
q; 16; 98.74; 328.49; 344.75
r; 0; 84.73; 59.29; 504.68
s; 1; 52.06; 35.44; 565.17
t; 3; 31.16; 250.41; 438.85
u; 9; 33.08; 18.08; 553.16
v; 9; 98.49; 229.78; 574.12
w; 18; 144.19; 310.09; 556.31
x; 6; 105.04; 55.69; 557.24
y; 12; 47.34; 310.75; 505.02
az; 6; 33.08; 110.01; 616.01
aa; 4; 79.77; 91.83; 611.89
ab; 5; 100.41; 206.14; 486.24
ac; 13; 57.77; 248.6; 592.54
ad; 17; 31.07; 159.24; 607.94
ae; 16; 64.87; 323.28; 370.76
af; 4; 17.3; 92.5; 521.28
ag; 3; 155.11; 65.48; 524.66
ah; 13; 160.95; 278.1; 556.69
ai; 2; 98.03; 34.9; 405.23
aj; 3; 54.75; 297.02; 595.5
ak; 10; 25.34; 329.1; 615.72
al; 15; 93.81; 278.06; 532.04
16, 9, 12, 6
3, 4, 5, 9, 11, 13, 16, 17, 18
2, 4, 7, 8, 9, 12, 17
2, 8, 11, 14, 15, 18
16, 11, 12
4, 14
3, 5, 7, 12, 13, 16, 18
2, 4, 7, 9, 11, 15, 16
8, 9, 5, 0, 15
8, 2, 12, 14
0, 2, 3, 4, 7, 8, 14
0, 17, 3
18, 6, 14
16, 12
10, 15
5, 8, 9, 10, 11, 12, 15, 17
8
5, 7, 9, 10, 14, 16
1, 18, 13, 15
0, 6, 15
1, 10, 3, 9, 7
3, 7, 9, 10, 11, 12
3, 5, 10, 11, 12, 17
1, 2, 6
0, 1, 2, 3, 6, 9, 10, 12, 16, 17, 18
3, 12, 10, 11, 4
16, 9, 10, 13
0, 1, 2, 3, 4, 9, 11, 13, 18
1, 2, 3, 7, 9, 17
2, 3, 12, 13, 7
1, 8, 9, 12, 13, 17
0, 17, 11, 8, 16
8, 17, 2, 15
1, 10, 11, 4, 17
9, 1
0, 17, 18, 6, 15
8, 14
4, 5, 7, 8, 9, 10, 13, 14
6, 9, 10, 13, 15, 18
17, 2, 10, 5, 7
0, 17, 11, 4, 5
9, 15
2, 12, 10, 7
0, 10, 4, 18
